R,G,B,Class
100,125,103,1
102,126,104,1
103,126,103,1
101,126,104,1
104,128,106,1
104,128,106,1
104,128,107,1
106,130,108,1
105,128,106,1
118,125,108,1
119,126,108,1
119,125,108,1
118,124,108,1
118,124,107,1
115,120,104,1
122,128,111,1
122,129,112,1
120,126,110,1
84,106,97,1
82,103,94,1
85,106,96,1
81,104,94,1
80,102,92,1
82,103,93,1
77,101,92,1
77,100,91,1
78,100,90,1
132,136,118,1
132,137,118,1
132,138,118,1
133,136,118,1
133,138,118,1
133,139,119,1
135,137,118,1
134,138,118,1
134,139,119,1
124,132,115,1
125,133,116,1
126,134,117,1
123,132,114,1
123,131,114,1
125,132,116,1
124,133,116,1
126,134,118,1
126,134,118,1
118,126,110,1
118,127,108,1
122,130,112,1
114,122,106,1
114,122,104,1
119,126,109,1
112,120,105,1
111,119,102,1
114,122,105,1
124,130,110,1
127,133,112,1
130,136,114,1
126,132,112,1
127,133,112,1
128,134,113,1
127,133,113,1
127,133,112,1
127,133,112,1
144,142,118,1
144,142,118,1
144,142,118,1
147,143,117,1
146,142,116,1
144,142,116,1
146,142,117,1
147,144,118,1
148,146,120,1
124,137,120,1
121,134,116,1
118,130,112,1
125,137,119,1
122,134,116,1
119,131,112,1
124,136,117,1
122,134,116,1
121,133,114,1
92,121,101,1
95,124,104,1
98,128,106,1
91,121,101,1
94,124,104,1
98,128,107,1
92,122,102,1
94,124,104,1
96,126,105,1
108,120,108,1
108,121,107,1
107,122,106,1
106,119,106,1
109,123,108,1
110,125,108,1
108,122,107,1
108,123,106,1
110,126,107,1
100,116,104,1
102,119,106,1
104,122,108,1
106,123,111,1
104,122,110,1
102,121,108,1
102,119,106,1
102,119,106,1
101,119,106,1
120,124,113,1
122,127,114,1
122,128,114,1
118,122,112,1
123,127,117,1
123,128,116,1
118,122,111,1
124,128,116,1
124,128,116,1
104,115,100,1
105,117,101,1
101,114,98,1
109,120,104,1
110,122,106,1
107,120,104,1
114,126,108,1
116,128,110,1
114,126,108,1
111,125,108,1
116,128,112,1
120,132,115,1
112,124,108,1
115,126,110,1
118,128,112,1
112,123,108,1
114,124,108,1
115,125,109,1
178,176,155,2
180,178,156,2
182,179,157,2
178,176,154,2
179,177,155,2
180,178,156,2
178,175,154,2
178,176,154,2
179,176,155,2
182,182,164,2
182,182,165,2
182,181,165,2
182,182,166,2
182,182,166,2
182,180,165,2
183,181,166,2
183,181,166,2
182,180,164,2
184,184,167,2
182,182,166,2
181,181,165,2
182,182,165,2
183,183,167,2
182,183,166,2
182,184,166,2
184,186,168,2
184,185,167,2
206,205,188,2
200,200,182,2
194,196,176,2
208,207,191,2
201,201,184,2
194,195,177,2
207,207,190,2
202,202,184,2
196,198,179,2
214,218,194,2
215,218,194,2
216,217,193,2
213,217,193,2
216,220,195,2
219,222,197,2
205,209,186,2
213,217,193,2
221,225,200,2
202,207,196,2
200,204,193,2
200,205,194,2
203,208,197,2
200,205,194,2
200,206,194,2
201,206,195,2
200,205,194,2
200,206,194,2
209,211,188,2
209,210,188,2
209,210,189,2
208,210,192,2
208,210,192,2
209,210,192,2
207,210,190,2
206,209,189,2
206,208,188,2
191,192,176,2
188,187,174,2
184,184,170,2
190,191,176,2
188,187,174,2
185,184,171,2
190,191,176,2
193,193,179,2
188,188,174,2
183,184,166,2
187,188,171,2
191,192,176,2
182,184,168,2
185,188,172,2
188,191,175,2
181,184,170,2
183,187,172,2
185,190,174,2
196,196,184,2
195,196,182,2
194,196,180,2
198,199,186,2
196,198,184,2
195,197,181,2
198,200,186,2
197,199,184,2
196,198,182,2
148,146,136,3
147,145,134,3
146,144,132,3
152,152,142,3
145,145,134,3
144,144,133,3
164,161,149,3
159,156,144,3
156,153,140,3
160,156,141,3
148,144,130,3
136,132,120,3
158,155,141,3
146,143,130,3
134,131,118,3
164,162,148,3
150,148,135,3
137,134,122,3
149,146,136,3
150,147,136,3
160,157,146,3
150,146,138,3
152,148,138,3
164,160,150,3
162,158,146,3
157,153,141,3
162,159,147,3
168,166,149,3
169,168,152,3
172,170,155,3
162,160,144,3
167,165,149,3
172,170,154,3
168,165,148,3
172,169,152,3
174,171,156,3
172,168,154,3
172,168,154,3
168,165,150,3
174,170,156,3
176,171,157,3
176,170,156,3
174,168,155,3
175,169,156,3
176,168,155,3
134,122,116,3
132,118,112,3
129,115,107,3
131,118,112,3
136,122,115,3
128,114,106,3
129,115,110,3
139,125,119,3
128,113,106,3
106,112,116,3
98,105,108,3
88,96,99,3
111,116,118,3
108,114,116,3
97,104,106,3
110,116,118,3
105,112,114,3
96,104,106,3
172,148,128,3
174,148,130,3
177,149,132,3
179,149,129,3
180,148,130,3
181,147,131,3
180,150,132,3
180,148,132,3
180,146,132,3
150,152,142,3
141,143,136,3
132,134,129,3
151,154,146,3
142,145,139,3
134,136,132,3
150,154,147,3
144,148,142,3
138,141,138,3
172,178,171,3
166,172,166,3
160,167,162,3
171,177,170,3
174,180,174,3
177,184,179,3
170,176,170,3
179,186,180,3
188,195,190,3
160,166,160,3
157,163,158,3
154,160,157,3
165,169,162,3
164,168,163,3
162,167,164,3
158,162,156,3
161,166,160,3
164,169,164,3
163,162,153,3
160,159,150,3
158,156,146,3
157,156,151,3
155,154,147,3
153,153,143,3
162,160,158,3
153,152,146,3
144,143,134,3
148,144,134,3
145,142,134,3
140,136,131,3
154,151,139,3
155,151,142,3
150,145,140,3
153,148,134,3
156,150,140,3
150,144,138,3
154,157,152,3
155,156,151,3
156,156,150,3
151,155,150,3
154,156,152,3
157,158,153,3
156,160,155,3
156,159,154,3
156,158,153,3
162,154,140,3
161,154,141,3
160,153,142,3
163,156,140,3
163,156,142,3
163,157,145,3
165,160,142,3
165,160,144,3
165,160,146,3
114,121,124,3
111,120,123,3
100,110,114,3
115,120,124,3
114,122,124,3
103,112,114,3
113,118,121,3
114,122,124,3
106,115,117,3
171,173,168,3
170,172,164,3
164,166,155,3
168,171,166,3
166,168,161,3
172,173,164,3
167,170,166,3
164,166,160,3
168,170,162,3
169,167,158,3
168,164,154,3
155,153,144,3
168,166,156,3
168,164,154,3
155,152,143,3
169,167,159,3
170,166,156,3
156,154,144,3
173,171,168,3
168,167,162,3
164,163,157,3
172,170,166,3
170,169,164,3
168,168,161,3
171,170,165,3
172,172,165,3
173,173,165,3
128,114,107,3
130,115,108,3
132,117,110,3
136,121,114,3
134,117,110,3
134,118,110,3
136,120,114,3
135,118,112,3
128,113,106,3
122,113,110,3
124,114,113,3
126,116,116,3
116,108,105,3
122,114,111,3
128,119,117,3
120,112,108,3
130,122,118,3
141,132,129,3
114,121,124,3
116,124,130,3
106,114,120,3
116,121,124,3
117,124,130,3
121,127,133,3
120,126,128,3
122,130,134,3
137,144,148,3
172,152,134,3
169,141,126,3
172,142,126,3
170,148,131,3
167,139,124,3
171,142,124,3
170,146,132,3
169,141,128,3
170,142,126,3
118,124,127,3
116,123,126,3
115,122,124,3
124,129,132,3
116,122,124,3
109,115,117,3
122,129,127,3
105,112,110,3
100,107,105,3
170,163,145,3
172,166,150,3
175,170,155,3
168,162,145,3
171,166,150,3
174,170,156,3
166,160,145,3
170,165,150,3
174,170,156,3
97,106,106,3
92,101,103,3
90,100,102,3
106,114,115,3
102,111,113,3
95,104,108,3
114,122,124,3
112,121,123,3
100,110,112,3
162,166,154,3
163,168,157,3
158,162,150,3
164,167,154,3
164,168,156,3
156,160,147,3
165,168,154,3
164,168,155,3
154,157,144,3
164,170,165,3
162,170,163,3
160,169,161,3
165,171,166,3
164,170,164,3
162,170,162,3
161,167,162,3
162,168,162,3
162,170,162,3
146,141,130,3
140,135,124,3
145,141,129,3
160,154,142,3
156,150,138,3
153,147,133,3
162,154,142,3
158,152,138,3
155,149,133,3
132,120,112,3
126,114,106,3
129,118,110,3
136,122,114,3
132,119,111,3
132,119,111,3
138,122,116,3
139,124,117,3
136,122,114,3
159,151,140,3
137,129,117,3
136,128,115,3
158,149,139,3
136,128,117,3
134,126,115,3
162,153,144,3
138,131,122,3
133,128,118,3
156,154,145,3
136,134,126,3
147,144,138,3
153,150,142,3
124,121,114,3
137,133,128,3
152,148,140,3
123,119,113,3
127,122,119,3
176,184,176,3
177,183,179,3
163,169,169,3
176,184,178,3
177,184,182,3
161,169,169,3
178,185,178,3
179,186,183,3
160,168,166,3
140,128,124,3
139,128,124,3
138,127,123,3
144,132,127,3
140,130,124,3
137,127,121,3
141,130,124,3
138,128,121,3
135,126,118,3
162,160,146,3
154,154,142,3
146,148,139,3
158,157,144,3
158,158,147,3
158,159,150,3
159,160,148,3
160,160,150,3
160,160,152,3
154,151,142,3
150,147,140,3
150,148,142,3
160,158,147,3
161,159,151,3
156,156,150,3
159,156,148,3
158,156,150,3
157,156,151,3
166,163,150,3
158,154,142,3
152,147,137,3
166,163,152,3
157,153,143,3
152,146,138,3
163,162,148,3
154,152,140,3
148,144,134,3
104,112,114,3
102,112,112,3
100,111,110,3
110,119,120,3
113,124,124,3
116,128,129,3
112,120,121,3
114,124,126,3
117,127,130,3
202,181,152,3
203,180,151,3
204,180,152,3
196,175,146,3
200,178,148,3
202,180,152,3
188,169,140,3
196,175,146,3
201,179,152,3
115,122,124,3
107,115,118,3
111,120,124,3
137,143,146,3
113,120,123,3
110,119,122,3
173,179,185,3
125,133,139,3
108,116,122,3
70,89,84,4
69,88,83,4
70,89,84,4
70,90,84,4
70,89,84,4
70,90,84,4
72,91,86,4
71,90,85,4
71,90,84,4
70,87,81,4
72,88,82,4
71,87,81,4
72,89,83,4
72,88,82,4
70,86,80,4
71,88,82,4
70,86,80,4
69,86,80,4
66,80,80,4
66,80,80,4
66,80,80,4
65,80,79,4
66,81,80,4
66,80,80,4
64,80,78,4
66,82,80,4
66,81,80,4
73,93,86,4
73,93,85,4
73,93,84,4
74,94,88,4
74,94,88,4
75,95,87,4
74,94,88,4
74,94,87,4
74,94,86,4
72,90,82,4
71,89,82,4
72,90,83,4
72,90,82,4
72,90,82,4
72,90,82,4
74,92,84,4
73,91,83,4
72,90,82,4
66,90,84,4
65,89,83,4
66,90,83,4
64,90,83,4
63,88,81,4
65,90,82,4
67,91,84,4
66,90,82,4
67,90,82,4
68,88,84,4
69,89,86,4
70,90,87,4
67,89,84,4
69,90,86,4
71,92,88,4
68,89,85,4
68,90,86,4
68,90,86,4
74,92,84,4
76,94,86,4
76,94,87,4
76,95,88,4
80,98,92,4
79,97,91,4
74,94,88,4
75,94,89,4
74,94,88,4
64,83,82,5
68,88,86,5
68,90,86,5
68,86,86,5
68,88,86,5
65,86,83,5
76,95,94,5
70,90,88,5
66,88,84,5
72,95,90,5
68,91,87,5
74,98,92,5
79,101,95,5
74,96,90,5
72,94,88,5
86,108,100,5
80,101,94,5
70,92,84,5
68,94,86,5
70,96,89,5
73,99,92,5
71,97,89,5
74,100,92,5
76,102,94,5
70,96,88,5
73,99,91,5
76,102,94,5
96,113,99,5
93,110,98,5
86,103,94,5
97,114,100,5
96,115,102,5
93,112,102,5
98,116,101,5
100,120,106,5
90,110,98,5
75,93,86,5
74,92,85,5
73,92,84,5
76,95,87,5
78,98,88,5
79,100,90,5
78,100,89,5
77,100,88,5
76,100,87,5
79,108,95,5
66,96,84,5
54,83,74,5
74,104,88,5
66,96,82,5
57,87,76,5
70,100,86,5
64,94,82,5
58,88,78,5
70,96,86,5
74,100,90,5
78,104,94,5
64,90,79,5
70,96,86,5
76,102,92,5
60,86,76,5
68,93,84,5
75,100,92,5
